Chrom	Position	Ref	Cons	Reads1	Reads2	VarFreq	Strands1	Strands2	Qual1	Qual2	Pvalue	MapQual1	MapQual2	Reads1Plus	Reads1Minus	Reads2Plus	Reads2Minus	VarAllele
MN908947.3	407	G	T	1	3868	99.95%	1	2	93	93	0.98	1	1	1	0	3861	7	T
MN908947.3	3037	C	T	1	4310	99.81%	1	2	93	93	0.98	1	1	1	0	3015	1295	T
MN908947.3	4582	C	T	0	7061	99.87%	0	2	0	93	0.98	0	1	0	0	5889	1172	T
MN908947.3	5234	A	G	1	4097	99.95%	1	2	93	93	0.98	1	1	1	0	2553	1544	G
MN908947.3	7351	T	W	45	5	9.62%	2	1	93	93	0.98	1	1	20	25	5	0	A
MN908947.3	7353	G	C	7	606	98.54%	1	2	93	93	0.98	1	1	7	0	306	300	C
MN908947.3	9335	G	T	7	3899	99.74%	1	2	93	93	0.98	1	1	7	0	3894	5	T
MN908947.3	10029	C	Y	2250	3467	60.6%	2	2	93	93	0.98	1	1	1410	840	2138	1329	T
MN908947.3	11117	A	R	2548	3611	58.54%	2	2	93	93	0.98	1	1	2427	121	3396	215	G
MN908947.3	11654	T	Y	2638	3700	58.32%	2	2	93	93	0.98	1	1	2604	34	3657	43	C
MN908947.3	17073	A	M	166	14	7.73%	2	1	93	93	0.98	1	1	164	2	14	0	C
MN908947.3	21306	C	Y	98	35	26.32%	2	2	93	93	0.98	1	1	71	27	30	5	T
MN908947.3	23129	A	M	258	14	5.15%	2	1	93	93	0.98	1	1	256	2	14	0	C
MN908947.3	23403	A	G	0	6768	99.96%	0	2	0	93	0.98	0	1	0	0	4810	1958	G
MN908947.3	26765	T	A	0	53	82.81%	0	2	0	93	0.98	0	1	0	0	52	1	A
MN908947.3	26765	T	Y	0	9	14.06%	0	2	0	93	0.98	0	1	0	0	8	1	A
MN908947.3	28881	G	A	0	239	100%	0	2	0	93	0.98	0	1	0	0	195	44	A
MN908947.3	28882	G	A	0	239	100%	0	2	0	93	0.98	0	1	0	0	194	45	A
MN908947.3	28883	G	C	0	240	100%	0	2	0	93	0.98	0	1	0	0	194	46	C
MN908947.3	28977	C	T	0	215	100%	0	2	0	93	0.98	0	1	0	0	108	107	T
MN908947.3	29008	T	Y	127	7	5.22%	2	2	93	93	0.98	1	1	63	64	4	3	C
